Chr1	0	500000	1742	228391	500000	0.4567820
Chr1	500000	1000000	1201	233323	500000	0.4666460
Chr1	1000000	1500000	1530	205697	500000	0.4113940
Chr1	1500000	2000000	1309	197799	500000	0.3955980
Chr1	2000000	2500000	1443	191548	500000	0.3830960
Chr1	2500000	3000000	1356	161155	500000	0.3223100
Chr1	3000000	3500000	1309	187349	500000	0.3746980
Chr1	3500000	4000000	1413	167348	500000	0.3346960
Chr1	4000000	4500000	1491	145237	500000	0.2904740
Chr1	4500000	5000000	1577	169847	500000	0.3396940
Chr1	5000000	5500000	1673	224322	500000	0.4486440
Chr1	5500000	6000000	1556	199726	500000	0.3994520
Chr1	6000000	6500000	1413	294529	500000	0.5890580
Chr1	6500000	7000000	1536	172409	500000	0.3448180
Chr1	7000000	7500000	1532	200266	500000	0.4005320
Chr1	7500000	8000000	1509	197785	500000	0.3955700
Chr1	8000000	8500000	1682	219937	500000	0.4398740
Chr1	8500000	9000000	1723	218655	500000	0.4373100
Chr1	9000000	9500000	1535	213209	500000	0.4264180
Chr1	9500000	10000000	1491	235313	500000	0.4706260
Chr1	10000000	10500000	1587	258211	500000	0.5164220
Chr1	10500000	11000000	1605	276210	500000	0.5524200
Chr1	11000000	11500000	1542	278369	500000	0.5567380
Chr1	11500000	12000000	1665	281951	500000	0.5639020
Chr1	12000000	12500000	1465	340415	500000	0.6808300
Chr1	12500000	13000000	1556	287495	500000	0.5749900
Chr1	13000000	13500000	1666	303271	500000	0.6065420
Chr1	13500000	14000000	1712	346068	500000	0.6921360
Chr1	14000000	14500000	1242	385997	500000	0.7719940
Chr1	14500000	15000000	1565	326986	500000	0.6539720
Chr1	15000000	15500000	1593	254166	500000	0.5083320
Chr1	15500000	16000000	1581	318951	500000	0.6379020
Chr1	16000000	16500000	1457	358230	500000	0.7164600
Chr1	16500000	17000000	1426	385824	500000	0.7716480
Chr1	17000000	17500000	746	415568	500000	0.8311360
Chr1	17500000	18000000	201	499944	500000	0.9998880
Chr1	18000000	18500000	479	478512	500000	0.9570240
Chr1	18500000	19000000	1154	384512	500000	0.7690240
Chr1	19000000	19500000	1357	360302	500000	0.7206040
Chr1	19500000	20000000	1494	271055	500000	0.5421100
Chr1	20000000	20500000	1502	298727	500000	0.5974540
Chr1	20500000	21000000	1232	311033	500000	0.6220660
Chr1	21000000	21500000	1441	301329	500000	0.6026580
Chr1	21500000	22000000	1245	335876	500000	0.6717520
Chr1	22000000	22500000	1618	229133	500000	0.4582660
Chr1	22500000	23000000	1466	359458	500000	0.7189160
Chr1	23000000	23500000	1667	298789	500000	0.5975780
Chr1	23500000	24000000	1827	303412	500000	0.6068240
Chr1	24000000	24500000	1457	234534	500000	0.4690680
Chr1	24500000	25000000	1443	260403	500000	0.5208060
Chr1	25000000	25500000	1753	273744	500000	0.5474880
Chr1	25500000	26000000	1648	214554	500000	0.4291080
Chr1	26000000	26500000	1479	203197	500000	0.4063940
Chr1	26500000	27000000	1466	225232	500000	0.4504640
Chr1	27000000	27500000	1481	233611	500000	0.4672220
Chr1	27500000	28000000	1745	246925	500000	0.4938500
Chr1	28000000	28500000	1588	183571	500000	0.3671420
Chr1	28500000	29000000	1365	202109	500000	0.4042180
Chr1	29000000	29500000	1222	221069	500000	0.4421380
Chr1	29500000	30000000	1414	163676	500000	0.3273520
Chr1	30000000	30500000	1409	191783	500000	0.3835660
Chr1	30500000	31000000	1598	202154	500000	0.4043080
Chr1	31000000	31500000	1205	234330	500000	0.4686600
Chr1	31500000	32000000	1435	222954	500000	0.4459080
Chr1	32000000	32500000	1559	194150	500000	0.3883000
Chr1	32500000	33000000	1292	226775	500000	0.4535500
Chr1	33000000	33500000	1289	193061	500000	0.3861220
Chr1	33500000	34000000	1336	177645	500000	0.3552900
Chr1	34000000	34500000	1170	142708	500000	0.2854160
Chr1	34500000	35000000	1361	183661	500000	0.3673220
Chr1	35000000	35500000	1518	234054	500000	0.4681080
Chr1	35500000	36000000	1405	280178	500000	0.5603560
Chr1	36000000	36500000	1409	171489	500000	0.3429780
Chr1	36500000	37000000	1444	202094	500000	0.4041880
Chr1	37000000	37500000	1273	180282	500000	0.3605640
Chr1	37500000	38000000	1352	200158	500000	0.4003160
Chr1	38000000	38500000	1414	195759	500000	0.3915180
Chr1	38500000	39000000	1330	208886	500000	0.4177720
Chr1	39000000	39500000	1298	169118	500000	0.3382360
Chr1	39500000	40000000	1246	162776	500000	0.3255520
Chr1	40000000	40500000	1393	202877	500000	0.4057540
Chr1	40500000	41000000	1201	158612	500000	0.3172240
Chr1	41000000	41500000	1032	200813	500000	0.4016260
Chr1	41500000	42000000	1360	143384	500000	0.2867680
Chr1	42000000	42500000	1593	154143	500000	0.3082860
Chr1	42500000	43000000	1304	176506	500000	0.3530120
Chr1	43000000	43500000	1303	245980	500000	0.4919600
Chr1	43500000	44000000	1394	188957	500000	0.3779140
Chr1	44000000	44500000	1305	141700	500000	0.2834000
Chr1	44500000	44955313	1697	192455	455313	0.4226873
Chr2	0	500000	1500	217676	500000	0.4353520
Chr2	500000	1000000	1080	149671	500000	0.2993420
Chr2	1000000	1500000	1223	142293	500000	0.2845860
Chr2	1500000	2000000	1107	142360	500000	0.2847200
Chr2	2000000	2500000	1238	316036	500000	0.6320720
Chr2	2500000	3000000	1063	219595	500000	0.4391900
Chr2	3000000	3500000	1256	184385	500000	0.3687700
Chr2	3500000	4000000	1598	217647	500000	0.4352940
Chr2	4000000	4500000	1505	153976	500000	0.3079520
Chr2	4500000	5000000	1639	230603	500000	0.4612060
Chr2	5000000	5500000	1349	163575	500000	0.3271500
Chr2	5500000	6000000	1444	210257	500000	0.4205140
Chr2	6000000	6500000	1534	229142	500000	0.4582840
Chr2	6500000	7000000	1749	227833	500000	0.4556660
Chr2	7000000	7500000	1588	276993	500000	0.5539860
Chr2	7500000	8000000	1955	234229	500000	0.4684580
Chr2	8000000	8500000	1154	397993	500000	0.7959860
Chr2	8500000	9000000	1592	229231	500000	0.4584620
Chr2	9000000	9500000	1775	232515	500000	0.4650300
Chr2	9500000	10000000	1503	332108	500000	0.6642160
Chr2	10000000	10500000	1628	257185	500000	0.5143700
Chr2	10500000	11000000	1394	304844	500000	0.6096880
Chr2	11000000	11500000	1396	290490	500000	0.5809800
Chr2	11500000	12000000	1407	342486	500000	0.6849720
Chr2	12000000	12500000	1479	288287	500000	0.5765740
Chr2	12500000	13000000	1303	307480	500000	0.6149600
Chr2	13000000	13500000	1362	321389	500000	0.6427780
Chr2	13500000	14000000	1400	346752	500000	0.6935040
Chr2	14000000	14500000	1146	446692	500000	0.8933840
Chr2	14500000	15000000	718	461487	500000	0.9229740
Chr2	15000000	15500000	1009	411318	500000	0.8226360
Chr2	15500000	16000000	1302	405465	500000	0.8109300
Chr2	16000000	16500000	1074	422264	500000	0.8445280
Chr2	16500000	17000000	1074	397669	500000	0.7953380
Chr2	17000000	17500000	1386	313558	500000	0.6271160
Chr2	17500000	18000000	1610	240758	500000	0.4815160
Chr2	18000000	18500000	1536	352990	500000	0.7059800
Chr2	18500000	19000000	1533	343880	500000	0.6877600
Chr2	19000000	19500000	1458	276585	500000	0.5531700
Chr2	19500000	20000000	1533	346591	500000	0.6931820
Chr2	20000000	20500000	1788	270922	500000	0.5418440
Chr2	20500000	21000000	1732	250116	500000	0.5002320
Chr2	21000000	21500000	1616	234391	500000	0.4687820
Chr2	21500000	22000000	1607	240310	500000	0.4806200
Chr2	22000000	22500000	1402	337313	500000	0.6746260
Chr2	22500000	23000000	1355	215481	500000	0.4309620
Chr2	23000000	23500000	1445	217623	500000	0.4352460
Chr2	23500000	24000000	2032	291997	500000	0.5839940
Chr2	24000000	24500000	1591	220125	500000	0.4402500
Chr2	24500000	25000000	1409	265339	500000	0.5306780
Chr2	25000000	25500000	1243	257504	500000	0.5150080
Chr2	25500000	26000000	1240	179198	500000	0.3583960
Chr2	26000000	26500000	1366	239207	500000	0.4784140
Chr2	26500000	27000000	1373	231632	500000	0.4632640
Chr2	27000000	27500000	1536	217758	500000	0.4355160
Chr2	27500000	28000000	1453	177840	500000	0.3556800
Chr2	28000000	28500000	1633	207566	500000	0.4151320
Chr2	28500000	29000000	1317	216596	500000	0.4331920
Chr2	29000000	29500000	1285	186185	500000	0.3723700
Chr2	29500000	30000000	1491	240765	500000	0.4815300
Chr2	30000000	30500000	1369	200137	500000	0.4002740
Chr2	30500000	31000000	1334	201961	500000	0.4039220
Chr2	31000000	31500000	1216	194929	500000	0.3898580
Chr2	31500000	32000000	1201	178688	500000	0.3573760
Chr2	32000000	32500000	1149	229200	500000	0.4584000
Chr2	32500000	33000000	1220	171180	500000	0.3423600
Chr2	33000000	33500000	1228	149771	500000	0.2995420
Chr2	33500000	34000000	1084	172097	500000	0.3441940
Chr2	34000000	34500000	1178	186021	500000	0.3720420
Chr2	34500000	35000000	1383	176163	500000	0.3523260
Chr2	35000000	35500000	1165	211525	500000	0.4230500
Chr2	35500000	36000000	1247	151414	500000	0.3028280
Chr2	36000000	36500000	1254	175392	500000	0.3507840
Chr2	36500000	37000000	1264	149156	500000	0.2983120
Chr2	37000000	37500000	1043	129067	500000	0.2581340
Chr2	37500000	37871753	1027	139097	371753	0.3741651
Chr3	0	500000	1690	250501	500000	0.5010020
Chr3	500000	1000000	1004	138823	500000	0.2776460
Chr3	1000000	1500000	1138	176212	500000	0.3524240
Chr3	1500000	2000000	1035	138360	500000	0.2767200
Chr3	2000000	2500000	1198	207582	500000	0.4151640
Chr3	2500000	3000000	1116	176402	500000	0.3528040
Chr3	3000000	3500000	1224	189120	500000	0.3782400
Chr3	3500000	4000000	1329	143142	500000	0.2862840
Chr3	4000000	4500000	1313	134453	500000	0.2689060
Chr3	4500000	5000000	1326	182954	500000	0.3659080
Chr3	5000000	5500000	1214	189264	500000	0.3785280
Chr3	5500000	6000000	1218	133485	500000	0.2669700
Chr3	6000000	6500000	1242	139310	500000	0.2786200
Chr3	6500000	7000000	1328	158360	500000	0.3167200
Chr3	7000000	7500000	1150	215012	500000	0.4300240
Chr3	7500000	8000000	1301	175282	500000	0.3505640
Chr3	8000000	8500000	1222	259063	500000	0.5181260
Chr3	8500000	9000000	1165	215723	500000	0.4314460
Chr3	9000000	9500000	1174	208963	500000	0.4179260
Chr3	9500000	10000000	1488	172717	500000	0.3454340
Chr3	10000000	10500000	1554	185888	500000	0.3717760
Chr3	10500000	11000000	1173	132684	500000	0.2653680
Chr3	11000000	11500000	1397	153777	500000	0.3075540
Chr3	11500000	12000000	1679	249684	500000	0.4993680
Chr3	12000000	12500000	1532	171276	500000	0.3425520
Chr3	12500000	13000000	1148	200538	500000	0.4010760
Chr3	13000000	13500000	1634	193738	500000	0.3874760
Chr3	13500000	14000000	912	329944	500000	0.6598880
Chr3	14000000	14500000	700	422011	500000	0.8440220
Chr3	14500000	15000000	1618	262209	500000	0.5244180
Chr3	15000000	15500000	1777	223048	500000	0.4460960
Chr3	15500000	16000000	1754	233873	500000	0.4677460
Chr3	16000000	16500000	1746	261213	500000	0.5224260
Chr3	16500000	17000000	1672	302005	500000	0.6040100
Chr3	17000000	17500000	1937	279422	500000	0.5588440
Chr3	17500000	18000000	1586	312708	500000	0.6254160
Chr3	18000000	18500000	1753	299422	500000	0.5988440
Chr3	18500000	19000000	1687	252784	500000	0.5055680
Chr3	19000000	19500000	1523	309957	500000	0.6199140
Chr3	19500000	20000000	1400	381404	500000	0.7628080
Chr3	20000000	20500000	987	441888	500000	0.8837760
Chr3	20500000	21000000	396	465595	500000	0.9311900
Chr3	21000000	21500000	899	455864	500000	0.9117280
Chr3	21500000	22000000	1324	370209	500000	0.7404180
Chr3	22000000	22500000	1500	338315	500000	0.6766300
Chr3	22500000	23000000	1736	276353	500000	0.5527060
Chr3	23000000	23500000	1257	323503	500000	0.6470060
Chr3	23500000	24000000	1656	269777	500000	0.5395540
Chr3	24000000	24500000	1677	354114	500000	0.7082280
Chr3	24500000	25000000	1432	354013	500000	0.7080260
Chr3	25000000	25500000	1345	320416	500000	0.6408320
Chr3	25500000	26000000	1656	263627	500000	0.5272540
Chr3	26000000	26500000	1848	224647	500000	0.4492940
Chr3	26500000	27000000	1594	250118	500000	0.5002360
Chr3	27000000	27500000	1708	244447	500000	0.4888940
Chr3	27500000	28000000	1880	314531	500000	0.6290620
Chr3	28000000	28500000	1621	232258	500000	0.4645160
Chr3	28500000	29000000	1636	263389	500000	0.5267780
Chr3	29000000	29500000	1573	198309	500000	0.3966180
Chr3	29500000	30000000	1465	209347	500000	0.4186940
Chr3	30000000	30500000	1443	180170	500000	0.3603400
Chr3	30500000	31000000	1554	150636	500000	0.3012720
Chr3	31000000	31500000	1384	159615	500000	0.3192300
Chr3	31500000	32000000	1532	181163	500000	0.3623260
Chr3	32000000	32500000	1097	262913	500000	0.5258260
Chr3	32500000	33000000	1327	173595	500000	0.3471900
Chr3	33000000	33500000	1199	238253	500000	0.4765060
Chr3	33500000	34000000	1441	147907	500000	0.2958140
Chr3	34000000	34500000	1302	193428	500000	0.3868560
Chr3	34500000	35000000	1309	172202	500000	0.3444040
Chr3	35000000	35500000	1359	216774	500000	0.4335480
Chr3	35500000	36000000	1205	125148	500000	0.2502960
Chr3	36000000	36500000	1273	199922	500000	0.3998440
Chr3	36500000	37000000	1220	143205	500000	0.2864100
Chr3	37000000	37500000	1265	155531	500000	0.3110620
Chr3	37500000	38000000	1082	176729	500000	0.3534580
Chr3	38000000	38500000	1344	164438	500000	0.3288760
Chr3	38500000	38583974	467	42562	83974	0.5068474
Chr4	0	500000	1657	320406	500000	0.6408120
Chr4	500000	1000000	1458	306931	500000	0.6138620
Chr4	1000000	1500000	1191	347050	500000	0.6941000
Chr4	1500000	2000000	1521	302680	500000	0.6053600
Chr4	2000000	2500000	1129	395836	500000	0.7916720
Chr4	2500000	3000000	957	439059	500000	0.8781180
Chr4	3000000	3500000	906	442530	500000	0.8850600
Chr4	3500000	4000000	1218	379006	500000	0.7580120
Chr4	4000000	4500000	1609	291599	500000	0.5831980
Chr4	4500000	5000000	1596	334130	500000	0.6682600
Chr4	5000000	5500000	1469	306620	500000	0.6132400
Chr4	5500000	6000000	1342	369183	500000	0.7383660
Chr4	6000000	6500000	1188	398714	500000	0.7974280
Chr4	6500000	7000000	1403	332356	500000	0.6647120
Chr4	7000000	7500000	980	402678	500000	0.8053560
Chr4	7500000	8000000	1285	382622	500000	0.7652440
Chr4	8000000	8500000	790	448023	500000	0.8960460
Chr4	8500000	9000000	619	481686	500000	0.9633720
Chr4	9000000	9500000	1014	431913	500000	0.8638260
Chr4	9500000	10000000	909	442130	500000	0.8842600
Chr4	10000000	10500000	616	481309	500000	0.9626180
Chr4	10500000	11000000	756	465522	500000	0.9310440
Chr4	11000000	11500000	1137	432299	500000	0.8645980
Chr4	11500000	12000000	1614	347080	500000	0.6941600
Chr4	12000000	12500000	1442	356690	500000	0.7133800
Chr4	12500000	13000000	1346	360202	500000	0.7204040
Chr4	13000000	13500000	1354	363382	500000	0.7267640
Chr4	13500000	14000000	1389	368037	500000	0.7360740
Chr4	14000000	14500000	1399	323342	500000	0.6466840
Chr4	14500000	15000000	1452	341415	500000	0.6828300
Chr4	15000000	15500000	1319	409099	500000	0.8181980
Chr4	15500000	16000000	1465	337518	500000	0.6750360
Chr4	16000000	16500000	1576	278724	500000	0.5574480
Chr4	16500000	17000000	1677	333726	500000	0.6674520
Chr4	17000000	17500000	1417	334993	500000	0.6699860
Chr4	17500000	18000000	1722	350475	500000	0.7009500
Chr4	18000000	18500000	1570	227314	500000	0.4546280
Chr4	18500000	19000000	1506	226996	500000	0.4539920
Chr4	19000000	19500000	1776	234338	500000	0.4686760
Chr4	19500000	20000000	1321	225747	500000	0.4514940
Chr4	20000000	20500000	1499	184808	500000	0.3696160
Chr4	20500000	21000000	1649	261849	500000	0.5236980
Chr4	21000000	21500000	1355	228203	500000	0.4564060
Chr4	21500000	22000000	1538	187348	500000	0.3746960
Chr4	22000000	22500000	1529	162325	500000	0.3246500
Chr4	22500000	23000000	1399	243182	500000	0.4863640
Chr4	23000000	23500000	1411	152099	500000	0.3041980
Chr4	23500000	24000000	1158	231211	500000	0.4624220
Chr4	24000000	24500000	1004	188797	500000	0.3775940
Chr4	24500000	25000000	1120	173634	500000	0.3472680
Chr4	25000000	25500000	1153	145785	500000	0.2915700
Chr4	25500000	26000000	1262	219241	500000	0.4384820
Chr4	26000000	26500000	1295	224621	500000	0.4492420
Chr4	26500000	27000000	1164	220003	500000	0.4400060
Chr4	27000000	27500000	1235	192335	500000	0.3846700
Chr4	27500000	28000000	1388	178431	500000	0.3568620
Chr4	28000000	28500000	1149	213843	500000	0.4276860
Chr4	28500000	29000000	1454	186039	500000	0.3720780
Chr4	29000000	29500000	1171	317218	500000	0.6344360
Chr4	29500000	30000000	1134	216243	500000	0.4324860
Chr4	30000000	30500000	1079	218679	500000	0.4373580
Chr4	30500000	31000000	1138	165774	500000	0.3315480
Chr4	31000000	31500000	1399	190471	500000	0.3809420
Chr4	31500000	32000000	1182	197484	500000	0.3949680
Chr4	32000000	32500000	1064	229554	500000	0.4591080
Chr4	32500000	33000000	1175	200196	500000	0.4003920
Chr4	33000000	33500000	1111	161519	500000	0.3230380
Chr4	33500000	34000000	1430	168934	500000	0.3378680
Chr4	34000000	34500000	1046	163442	500000	0.3268840
Chr4	34500000	35000000	1317	133443	500000	0.2668860
Chr4	35000000	35500000	1123	185612	500000	0.3712240
Chr4	35500000	35849793	1381	141889	349793	0.4056371
Chr5	0	500000	1834	199574	500000	0.3991480
Chr5	500000	1000000	1309	197112	500000	0.3942240
Chr5	1000000	1500000	1245	198997	500000	0.3979940
Chr5	1500000	2000000	1553	209672	500000	0.4193440
Chr5	2000000	2500000	1574	199225	500000	0.3984500
Chr5	2500000	3000000	1265	142943	500000	0.2858860
Chr5	3000000	3500000	1627	180943	500000	0.3618860
Chr5	3500000	4000000	1249	280263	500000	0.5605260
Chr5	4000000	4500000	1270	307465	500000	0.6149300
Chr5	4500000	5000000	1293	336819	500000	0.6736380
Chr5	5000000	5500000	1508	305283	500000	0.6105660
Chr5	5500000	6000000	1686	298197	500000	0.5963940
Chr5	6000000	6500000	1658	250103	500000	0.5002060
Chr5	6500000	7000000	2037	271913	500000	0.5438260
Chr5	7000000	7500000	1842	310300	500000	0.6206000
Chr5	7500000	8000000	1700	330253	500000	0.6605060
Chr5	8000000	8500000	1552	323642	500000	0.6472840
Chr5	8500000	9000000	1228	320359	500000	0.6407180
Chr5	9000000	9500000	1167	334569	500000	0.6691380
Chr5	9500000	10000000	1349	415950	500000	0.8319000
Chr5	10000000	10500000	662	485248	500000	0.9704960
Chr5	10500000	11000000	901	442190	500000	0.8843800
Chr5	11000000	11500000	1132	359438	500000	0.7188760
Chr5	11500000	12000000	1081	393999	500000	0.7879980
Chr5	12000000	12500000	755	472720	500000	0.9454400
Chr5	12500000	13000000	832	453013	500000	0.9060260
Chr5	13000000	13500000	945	374735	500000	0.7494700
Chr5	13500000	14000000	1526	304051	500000	0.6081020
Chr5	14000000	14500000	1157	369802	500000	0.7396040
Chr5	14500000	15000000	1219	316440	500000	0.6328800
Chr5	15000000	15500000	1545	327397	500000	0.6547940
Chr5	15500000	16000000	810	396630	500000	0.7932600
Chr5	16000000	16500000	929	405092	500000	0.8101840
Chr5	16500000	17000000	1643	338607	500000	0.6772140
Chr5	17000000	17500000	1463	232299	500000	0.4645980
Chr5	17500000	18000000	1459	304605	500000	0.6092100
Chr5	18000000	18500000	1371	314509	500000	0.6290180
Chr5	18500000	19000000	1666	253663	500000	0.5073260
Chr5	19000000	19500000	1505	259436	500000	0.5188720
Chr5	19500000	20000000	1606	273957	500000	0.5479140
Chr5	20000000	20500000	1488	224750	500000	0.4495000
Chr5	20500000	21000000	1515	239497	500000	0.4789940
Chr5	21000000	21500000	1666	235028	500000	0.4700560
Chr5	21500000	22000000	1832	246508	500000	0.4930160
Chr5	22000000	22500000	1415	255748	500000	0.5114960
Chr5	22500000	23000000	1452	263291	500000	0.5265820
Chr5	23000000	23500000	1598	239749	500000	0.4794980
Chr5	23500000	24000000	1617	190377	500000	0.3807540
Chr5	24000000	24500000	1341	232062	500000	0.4641240
Chr5	24500000	25000000	1540	210856	500000	0.4217120
Chr5	25000000	25500000	1407	196548	500000	0.3930960
Chr5	25500000	26000000	1255	204581	500000	0.4091620
Chr5	26000000	26500000	1517	257851	500000	0.5157020
Chr5	26500000	27000000	1570	188070	500000	0.3761400
Chr5	27000000	27500000	1273	229754	500000	0.4595080
Chr5	27500000	28000000	1392	202556	500000	0.4051120
Chr5	28000000	28500000	1355	165987	500000	0.3319740
Chr5	28500000	29000000	1206	144841	500000	0.2896820
Chr5	29000000	29500000	1278	172506	500000	0.3450120
Chr5	29500000	30000000	1373	170175	500000	0.3403500
Chr5	30000000	30500000	1173	185576	500000	0.3711520
Chr5	30500000	31000000	1214	255599	500000	0.5111980
Chr5	31000000	31402787	271	402780	402787	0.9999826
Chr6	0	500000	1684	208755	500000	0.4175100
Chr6	500000	1000000	1334	204225	500000	0.4084500
Chr6	1000000	1500000	1573	219179	500000	0.4383580
Chr6	1500000	2000000	1376	119135	500000	0.2382700
Chr6	2000000	2500000	1126	228303	500000	0.4566060
Chr6	2500000	3000000	1434	171835	500000	0.3436700
Chr6	3000000	3500000	1402	236952	500000	0.4739040
Chr6	3500000	4000000	1355	207229	500000	0.4144580
Chr6	4000000	4500000	1619	201336	500000	0.4026720
Chr6	4500000	5000000	1813	214511	500000	0.4290220
Chr6	5000000	5500000	1781	198891	500000	0.3977820
Chr6	5500000	6000000	1499	227594	500000	0.4551880
Chr6	6000000	6500000	1666	203387	500000	0.4067740
Chr6	6500000	7000000	1793	225203	500000	0.4504060
Chr6	7000000	7500000	1639	307968	500000	0.6159360
Chr6	7500000	8000000	1635	267192	500000	0.5343840
Chr6	8000000	8500000	1566	280728	500000	0.5614560
Chr6	8500000	9000000	1688	298847	500000	0.5976940
Chr6	9000000	9500000	1571	308617	500000	0.6172340
Chr6	9500000	10000000	1645	315793	500000	0.6315860
Chr6	10000000	10500000	1682	338766	500000	0.6775320
Chr6	10500000	11000000	1514	292859	500000	0.5857180
Chr6	11000000	11500000	1709	263603	500000	0.5272060
Chr6	11500000	12000000	1475	343669	500000	0.6873380
Chr6	12000000	12500000	1372	306704	500000	0.6134080
Chr6	12500000	13000000	1465	346739	500000	0.6934780
Chr6	13000000	13500000	1593	321289	500000	0.6425780
Chr6	13500000	14000000	1282	335001	500000	0.6700020
Chr6	14000000	14500000	1361	369376	500000	0.7387520
Chr6	14500000	15000000	1299	363889	500000	0.7277780
Chr6	15000000	15500000	961	464763	500000	0.9295260
Chr6	15500000	16000000	952	442828	500000	0.8856560
Chr6	16000000	16500000	767	456954	500000	0.9139080
Chr6	16500000	17000000	951	406940	500000	0.8138800
Chr6	17000000	17500000	1015	433770	500000	0.8675400
Chr6	17500000	18000000	1471	367234	500000	0.7344680
Chr6	18000000	18500000	1561	320469	500000	0.6409380
Chr6	18500000	19000000	1531	319800	500000	0.6396000
Chr6	19000000	19500000	1171	356364	500000	0.7127280
Chr6	19500000	20000000	802	467179	500000	0.9343580
Chr6	20000000	20500000	1360	377545	500000	0.7550900
Chr6	20500000	21000000	1317	310334	500000	0.6206680
Chr6	21000000	21500000	1741	294801	500000	0.5896020
Chr6	21500000	22000000	1578	329385	500000	0.6587700
Chr6	22000000	22500000	1914	271173	500000	0.5423460
Chr6	22500000	23000000	1595	257234	500000	0.5144680
Chr6	23000000	23500000	1667	301650	500000	0.6033000
Chr6	23500000	24000000	1322	391164	500000	0.7823280
Chr6	24000000	24500000	1495	357871	500000	0.7157420
Chr6	24500000	25000000	1679	277492	500000	0.5549840
Chr6	25000000	25500000	1607	233565	500000	0.4671300
Chr6	25500000	26000000	1501	188523	500000	0.3770460
Chr6	26000000	26500000	1648	252849	500000	0.5056980
Chr6	26500000	27000000	1630	325329	500000	0.6506580
Chr6	27000000	27500000	1535	235285	500000	0.4705700
Chr6	27500000	28000000	1537	193398	500000	0.3867960
Chr6	28000000	28500000	1834	244321	500000	0.4886420
Chr6	28500000	29000000	1329	235984	500000	0.4719680
Chr6	29000000	29500000	1561	189834	500000	0.3796680
Chr6	29500000	30000000	1390	171421	500000	0.3428420
Chr6	30000000	30500000	1211	213129	500000	0.4262580
Chr6	30500000	31000000	1296	191480	500000	0.3829600
Chr6	31000000	31500000	1236	214044	500000	0.4280880
Chr6	31500000	32000000	1108	196421	500000	0.3928420
Chr6	32000000	32500000	1228	170343	500000	0.3406860
Chr6	32500000	32586497	993	61248	86497	0.7080939
Chr7	0	500000	1931	281433	500000	0.5628660
Chr7	500000	1000000	1455	215487	500000	0.4309740
Chr7	1000000	1500000	1654	231039	500000	0.4620780
Chr7	1500000	2000000	1051	383544	500000	0.7670880
Chr7	2000000	2500000	1383	287934	500000	0.5758680
Chr7	2500000	3000000	1624	224619	500000	0.4492380
Chr7	3000000	3500000	1709	259360	500000	0.5187200
Chr7	3500000	4000000	1508	178125	500000	0.3562500
Chr7	4000000	4500000	1689	187025	500000	0.3740500
Chr7	4500000	5000000	1453	221458	500000	0.4429160
Chr7	5000000	5500000	1678	212105	500000	0.4242100
Chr7	5500000	6000000	1748	247441	500000	0.4948820
Chr7	6000000	6500000	1504	245643	500000	0.4912860
Chr7	6500000	7000000	1241	361220	500000	0.7224400
Chr7	7000000	7500000	1607	290226	500000	0.5804520
Chr7	7500000	8000000	1339	330169	500000	0.6603380
Chr7	8000000	8500000	1019	384703	500000	0.7694060
Chr7	8500000	9000000	1308	359412	500000	0.7188240
Chr7	9000000	9500000	1598	356319	500000	0.7126380
Chr7	9500000	10000000	1433	346834	500000	0.6936680
Chr7	10000000	10500000	1343	368057	500000	0.7361140
Chr7	10500000	11000000	1199	342646	500000	0.6852920
Chr7	11000000	11500000	1032	435588	500000	0.8711760
Chr7	11500000	12000000	1157	379173	500000	0.7583460
Chr7	12000000	12500000	1379	360472	500000	0.7209440
Chr7	12500000	13000000	934	446536	500000	0.8930720
Chr7	13000000	13500000	136	499943	500000	0.9998860
Chr7	13500000	14000000	884	416743	500000	0.8334860
Chr7	14000000	14500000	1311	351751	500000	0.7035020
Chr7	14500000	15000000	1483	323434	500000	0.6468680
Chr7	15000000	15500000	1234	385573	500000	0.7711460
Chr7	15500000	16000000	1378	386014	500000	0.7720280
Chr7	16000000	16500000	1613	339401	500000	0.6788020
Chr7	16500000	17000000	1118	331834	500000	0.6636680
Chr7	17000000	17500000	1545	292681	500000	0.5853620
Chr7	17500000	18000000	1483	315969	500000	0.6319380
Chr7	18000000	18500000	1420	314240	500000	0.6284800
Chr7	18500000	19000000	1501	300753	500000	0.6015060
Chr7	19000000	19500000	1531	315646	500000	0.6312920
Chr7	19500000	20000000	1667	244591	500000	0.4891820
Chr7	20000000	20500000	1685	270557	500000	0.5411140
Chr7	20500000	21000000	1761	217897	500000	0.4357940
Chr7	21000000	21500000	1595	266822	500000	0.5336440
Chr7	21500000	22000000	1618	277660	500000	0.5553200
Chr7	22000000	22500000	1611	378185	500000	0.7563700
Chr7	22500000	23000000	1658	315908	500000	0.6318160
Chr7	23000000	23500000	1626	219023	500000	0.4380460
Chr7	23500000	24000000	1482	200439	500000	0.4008780
Chr7	24000000	24500000	1295	207495	500000	0.4149900
Chr7	24500000	25000000	1463	197247	500000	0.3944940
Chr7	25000000	25500000	1442	204329	500000	0.4086580
Chr7	25500000	26000000	1526	192031	500000	0.3840620
Chr7	26000000	26500000	1555	215099	500000	0.4301980
Chr7	26500000	27000000	1461	189388	500000	0.3787760
Chr7	27000000	27500000	1458	206053	500000	0.4121060
Chr7	27500000	28000000	1478	183441	500000	0.3668820
Chr7	28000000	28500000	1461	247427	500000	0.4948540
Chr7	28500000	29000000	1333	298715	500000	0.5974300
Chr7	29000000	29500000	1531	193848	500000	0.3876960
Chr7	29500000	30000000	1315	218802	500000	0.4376040
Chr7	30000000	30500000	1318	184248	500000	0.3684960
Chr7	30500000	31000000	1196	189186	500000	0.3783720
Chr7	31000000	31141997	1136	105469	141997	0.7427551
Chr8	0	500000	1712	240152	500000	0.4803040
Chr8	500000	1000000	1533	175479	500000	0.3509580
Chr8	1000000	1500000	1272	273559	500000	0.5471180
Chr8	1500000	2000000	1317	241688	500000	0.4833760
Chr8	2000000	2500000	1571	217500	500000	0.4350000
Chr8	2500000	3000000	1214	359232	500000	0.7184640
Chr8	3000000	3500000	1465	198975	500000	0.3979500
Chr8	3500000	4000000	1534	165892	500000	0.3317840
Chr8	4000000	4500000	1436	290503	500000	0.5810060
Chr8	4500000	5000000	1407	207731	500000	0.4154620
Chr8	5000000	5500000	1629	257617	500000	0.5152340
Chr8	5500000	6000000	1744	249827	500000	0.4996540
Chr8	6000000	6500000	1593	308090	500000	0.6161800
Chr8	6500000	7000000	984	438927	500000	0.8778540
Chr8	7000000	7500000	593	475722	500000	0.9514440
Chr8	7500000	8000000	1354	337749	500000	0.6754980
Chr8	8000000	8500000	1602	276211	500000	0.5524220
Chr8	8500000	9000000	1638	257095	500000	0.5141900
Chr8	9000000	9500000	1467	265684	500000	0.5313680
Chr8	9500000	10000000	1572	381588	500000	0.7631760
Chr8	10000000	10500000	1477	323093	500000	0.6461860
Chr8	10500000	11000000	1470	352269	500000	0.7045380
Chr8	11000000	11500000	1327	327905	500000	0.6558100
Chr8	11500000	12000000	1191	363298	500000	0.7265960
Chr8	12000000	12500000	1288	369467	500000	0.7389340
Chr8	12500000	13000000	610	463805	500000	0.9276100
Chr8	13000000	13500000	634	428611	500000	0.8572220
Chr8	13500000	14000000	881	454112	500000	0.9082240
Chr8	14000000	14500000	776	452171	500000	0.9043420
Chr8	14500000	15000000	973	393201	500000	0.7864020
Chr8	15000000	15500000	1276	382787	500000	0.7655740
Chr8	15500000	16000000	1569	293230	500000	0.5864600
Chr8	16000000	16500000	1603	297101	500000	0.5942020
Chr8	16500000	17000000	1550	357000	500000	0.7140000
Chr8	17000000	17500000	1192	377623	500000	0.7552460
Chr8	17500000	18000000	1201	402551	500000	0.8051020
Chr8	18000000	18500000	1346	328304	500000	0.6566080
Chr8	18500000	19000000	1203	411520	500000	0.8230400
Chr8	19000000	19500000	1536	296866	500000	0.5937320
Chr8	19500000	20000000	1522	311675	500000	0.6233500
Chr8	20000000	20500000	1467	320934	500000	0.6418680
Chr8	20500000	21000000	1861	289184	500000	0.5783680
Chr8	21000000	21500000	1800	246031	500000	0.4920620
Chr8	21500000	22000000	1860	231775	500000	0.4635500
Chr8	22000000	22500000	1781	218179	500000	0.4363580
Chr8	22500000	23000000	1635	220119	500000	0.4402380
Chr8	23000000	23500000	1409	297280	500000	0.5945600
Chr8	23500000	24000000	1684	258264	500000	0.5165280
Chr8	24000000	24500000	1396	276533	500000	0.5530660
Chr8	24500000	25000000	1507	255570	500000	0.5111400
Chr8	25000000	25500000	1625	221995	500000	0.4439900
Chr8	25500000	26000000	1642	207147	500000	0.4142940
Chr8	26000000	26500000	1589	183966	500000	0.3679320
Chr8	26500000	27000000	1603	244376	500000	0.4887520
Chr8	27000000	27500000	1321	206374	500000	0.4127480
Chr8	27500000	28000000	1557	217995	500000	0.4359900
Chr8	28000000	28500000	1397	173362	500000	0.3467240
Chr8	28500000	29000000	1570	170445	500000	0.3408900
Chr8	29000000	29500000	1289	177218	500000	0.3544360
Chr8	29500000	29885808	1346	192043	385808	0.4977683
Chr9	0	500000	557	85553	500000	0.1711060
Chr9	500000	1000000	232	69372	500000	0.1387440
Chr9	1000000	1500000	978	312117	500000	0.6242340
Chr9	1500000	2000000	1642	330308	500000	0.6606160
Chr9	2000000	2500000	1142	350536	500000	0.7010720
Chr9	2500000	3000000	1033	393535	500000	0.7870700
Chr9	3000000	3500000	1115	398648	500000	0.7972960
Chr9	3500000	4000000	1045	383319	500000	0.7666380
Chr9	4000000	4500000	602	482474	500000	0.9649480
Chr9	4500000	5000000	1207	366246	500000	0.7324920
Chr9	5000000	5500000	1086	351117	500000	0.7022340
Chr9	5500000	6000000	1079	392667	500000	0.7853340
Chr9	6000000	6500000	1659	307579	500000	0.6151580
Chr9	6500000	7000000	1032	389469	500000	0.7789380
Chr9	7000000	7500000	1185	398447	500000	0.7968940
Chr9	7500000	8000000	1485	294348	500000	0.5886960
Chr9	8000000	8500000	1068	385464	500000	0.7709280
Chr9	8500000	9000000	1462	358040	500000	0.7160800
Chr9	9000000	9500000	1519	323837	500000	0.6476740
Chr9	9500000	10000000	1573	383408	500000	0.7668160
Chr9	10000000	10500000	1458	340477	500000	0.6809540
Chr9	10500000	11000000	1519	287561	500000	0.5751220
Chr9	11000000	11500000	1561	285116	500000	0.5702320
Chr9	11500000	12000000	1536	331848	500000	0.6636960
Chr9	12000000	12500000	1620	336034	500000	0.6720680
Chr9	12500000	13000000	1409	357698	500000	0.7153960
Chr9	13000000	13500000	1870	342704	500000	0.6854080
Chr9	13500000	14000000	1707	275177	500000	0.5503540
Chr9	14000000	14500000	1702	242498	500000	0.4849960
Chr9	14500000	15000000	1780	265692	500000	0.5313840
Chr9	15000000	15500000	1088	373386	500000	0.7467720
Chr9	15500000	16000000	822	499629	500000	0.9992580
Chr9	16000000	16500000	1825	233635	500000	0.4672700
Chr9	16500000	17000000	925	371567	500000	0.7431340
Chr9	17000000	17500000	1771	237515	500000	0.4750300
Chr9	17500000	18000000	1527	223061	500000	0.4461220
Chr9	18000000	18500000	1920	237097	500000	0.4741940
Chr9	18500000	19000000	1622	208261	500000	0.4165220
Chr9	19000000	19500000	1555	231200	500000	0.4624000
Chr9	19500000	20000000	1509	218712	500000	0.4374240
Chr9	20000000	20500000	1478	239221	500000	0.4784420
Chr9	20500000	21000000	1551	177527	500000	0.3550540
Chr9	21000000	21500000	1595	213142	500000	0.4262840
Chr9	21500000	22000000	1622	164014	500000	0.3280280
Chr9	22000000	22500000	1411	195138	500000	0.3902760
Chr9	22500000	23000000	1539	170416	500000	0.3408320
Chr9	23000000	23500000	1577	182135	500000	0.3642700
Chr9	23500000	24000000	1322	154683	500000	0.3093660
Chr9	24000000	24500000	1163	242980	500000	0.4859600
Chr9	24500000	25000000	1144	139080	500000	0.2781600
Chr9	25000000	25500000	1239	212968	500000	0.4259360
Chr9	25500000	25746339	729	138154	246339	0.5608288
Chr10	0	500000	1042	180631	500000	0.3612620
Chr10	500000	1000000	1675	362891	500000	0.7257820
Chr10	1000000	1500000	1290	414222	500000	0.8284440
Chr10	1500000	2000000	1703	292799	500000	0.5855980
Chr10	2000000	2500000	1635	294363	500000	0.5887260
Chr10	2500000	3000000	1448	351120	500000	0.7022400
Chr10	3000000	3500000	1528	299705	500000	0.5994100
Chr10	3500000	4000000	1495	383229	500000	0.7664580
Chr10	4000000	4500000	1424	361762	500000	0.7235240
Chr10	4500000	5000000	1608	322962	500000	0.6459240
Chr10	5000000	5500000	1541	345701	500000	0.6914020
Chr10	5500000	6000000	1361	395170	500000	0.7903400
Chr10	6000000	6500000	1637	382285	500000	0.7645700
Chr10	6500000	7000000	1221	384763	500000	0.7695260
Chr10	7000000	7500000	1610	328010	500000	0.6560200
Chr10	7500000	8000000	1138	415271	500000	0.8305420
Chr10	8000000	8500000	767	458706	500000	0.9174120
Chr10	8500000	9000000	1343	383120	500000	0.7662400
Chr10	9000000	9500000	1151	389181	500000	0.7783620
Chr10	9500000	10000000	762	465624	500000	0.9312480
Chr10	10000000	10500000	710	464223	500000	0.9284460
Chr10	10500000	11000000	1184	395276	500000	0.7905520
Chr10	11000000	11500000	1534	342541	500000	0.6850820
Chr10	11500000	12000000	1236	349094	500000	0.6981880
Chr10	12000000	12500000	1306	354823	500000	0.7096460
Chr10	12500000	13000000	1474	357771	500000	0.7155420
Chr10	13000000	13500000	1335	317333	500000	0.6346660
Chr10	13500000	14000000	1926	274569	500000	0.5491380
Chr10	14000000	14500000	1338	368106	500000	0.7362120
Chr10	14500000	15000000	728	467632	500000	0.9352640
Chr10	15000000	15500000	1553	263722	500000	0.5274440
Chr10	15500000	16000000	1584	309669	500000	0.6193380
Chr10	16000000	16500000	1647	255647	500000	0.5112940
Chr10	16500000	17000000	1657	232751	500000	0.4655020
Chr10	17000000	17500000	1857	265596	500000	0.5311920
Chr10	17500000	18000000	1631	260978	500000	0.5219560
Chr10	18000000	18500000	1857	256448	500000	0.5128960
Chr10	18500000	19000000	1956	301913	500000	0.6038260
Chr10	19000000	19500000	1473	207700	500000	0.4154000
Chr10	19500000	20000000	1703	241985	500000	0.4839700
Chr10	20000000	20500000	1806	203265	500000	0.4065300
Chr10	20500000	21000000	1367	251922	500000	0.5038440
Chr10	21000000	21500000	1421	235184	500000	0.4703680
Chr10	21500000	22000000	1519	183435	500000	0.3668700
Chr10	22000000	22500000	1598	197296	500000	0.3945920
Chr10	22500000	23000000	1384	224375	500000	0.4487500
Chr10	23000000	23500000	1508	253289	500000	0.5065780
Chr10	23500000	24000000	1517	195950	500000	0.3919000
Chr10	24000000	24500000	1258	204084	500000	0.4081680
Chr10	24500000	25000000	1210	142218	500000	0.2844360
Chr10	25000000	25500000	1333	180623	500000	0.3612460
Chr10	25500000	26000000	715	329829	500000	0.6596580
Chr10	26000000	26117019	435	116827	117019	0.9983593
Chr11	0	500000	1544	259081	500000	0.5181620
Chr11	500000	1000000	1316	204116	500000	0.4082320
Chr11	1000000	1500000	1163	212296	500000	0.4245920
Chr11	1500000	2000000	1024	178519	500000	0.3570380
Chr11	2000000	2500000	1337	190184	500000	0.3803680
Chr11	2500000	3000000	1738	177069	500000	0.3541380
Chr11	3000000	3500000	1567	235873	500000	0.4717460
Chr11	3500000	4000000	1650	276551	500000	0.5531020
Chr11	4000000	4500000	1468	253305	500000	0.5066100
Chr11	4500000	5000000	1746	240941	500000	0.4818820
Chr11	5000000	5500000	1513	211056	500000	0.4221120
Chr11	5500000	6000000	1638	321327	500000	0.6426540
Chr11	6000000	6500000	1576	281082	500000	0.5621640
Chr11	6500000	7000000	1819	307973	500000	0.6159460
Chr11	7000000	7500000	1716	228850	500000	0.4577000
Chr11	7500000	8000000	1408	281416	500000	0.5628320
Chr11	8000000	8500000	1377	382414	500000	0.7648280
Chr11	8500000	9000000	1525	283650	500000	0.5673000
Chr11	9000000	9500000	876	450341	500000	0.9006820
Chr11	9500000	10000000	1260	427464	500000	0.8549280
Chr11	10000000	10500000	1511	349147	500000	0.6982940
Chr11	10500000	11000000	1595	354642	500000	0.7092840
Chr11	11000000	11500000	1551	333409	500000	0.6668180
Chr11	11500000	12000000	1340	357512	500000	0.7150240
Chr11	12000000	12500000	1128	435630	500000	0.8712600
Chr11	12500000	13000000	1610	375450	500000	0.7509000
Chr11	13000000	13500000	3145	363701	500000	0.7274020
Chr11	13500000	14000000	552	480996	500000	0.9619920
Chr11	14000000	14500000	906	454464	500000	0.9089280
Chr11	14500000	15000000	816	475189	500000	0.9503780
Chr11	15000000	15500000	771	447533	500000	0.8950660
Chr11	15500000	16000000	1480	370229	500000	0.7404580
Chr11	16000000	16500000	1260	361907	500000	0.7238140
Chr11	16500000	17000000	1163	430916	500000	0.8618320
Chr11	17000000	17500000	1117	407267	500000	0.8145340
Chr11	17500000	18000000	1443	352068	500000	0.7041360
Chr11	18000000	18500000	1291	378655	500000	0.7573100
Chr11	18500000	19000000	1338	368935	500000	0.7378700
Chr11	19000000	19500000	1784	331014	500000	0.6620280
Chr11	19500000	20000000	1546	290249	500000	0.5804980
Chr11	20000000	20500000	1466	340182	500000	0.6803640
Chr11	20500000	21000000	1631	321354	500000	0.6427080
Chr11	21000000	21500000	1330	274129	500000	0.5482580
Chr11	21500000	22000000	1698	297878	500000	0.5957560
Chr11	22000000	22500000	1852	254618	500000	0.5092360
Chr11	22500000	23000000	1602	285227	500000	0.5704540
Chr11	23000000	23500000	1684	277153	500000	0.5543060
Chr11	23500000	24000000	1519	381943	500000	0.7638860
Chr11	24000000	24500000	1438	349611	500000	0.6992220
Chr11	24500000	25000000	1435	252468	500000	0.5049360
Chr11	25000000	25500000	1442	306411	500000	0.6128220
Chr11	25500000	26000000	1751	194837	500000	0.3896740
Chr11	26000000	26500000	1594	264377	500000	0.5287540
Chr11	26500000	27000000	1591	276782	500000	0.5535640
Chr11	27000000	27500000	1538	296188	500000	0.5923760
Chr11	27500000	28000000	1624	310897	500000	0.6217940
Chr11	28000000	28500000	1443	239337	500000	0.4786740
Chr11	28500000	29000000	1474	305619	500000	0.6112380
Chr11	29000000	29500000	1618	227136	500000	0.4542720
Chr11	29500000	30000000	1410	313155	500000	0.6263100
Chr11	30000000	30500000	1238	385044	500000	0.7700880
Chr11	30500000	31000000	1521	296721	500000	0.5934420
Chr11	31000000	31500000	1650	336992	500000	0.6739840
Chr11	31500000	32000000	1346	282667	500000	0.5653340
Chr11	32000000	32352569	399	352497	352569	0.9997958
Chr12	0	500000	1352	224838	500000	0.4496760
Chr12	500000	1000000	1191	217805	500000	0.4356100
Chr12	1000000	1500000	1218	187966	500000	0.3759320
Chr12	1500000	2000000	1219	206223	500000	0.4124460
Chr12	2000000	2500000	1534	214630	500000	0.4292600
Chr12	2500000	3000000	1577	232532	500000	0.4650640
Chr12	3000000	3500000	1463	217621	500000	0.4352420
Chr12	3500000	4000000	1750	201051	500000	0.4021020
Chr12	4000000	4500000	1446	235363	500000	0.4707260
Chr12	4500000	5000000	1370	281553	500000	0.5631060
Chr12	5000000	5500000	1303	289342	500000	0.5786840
Chr12	5500000	6000000	1183	410824	500000	0.8216480
Chr12	6000000	6500000	1531	336552	500000	0.6731040
Chr12	6500000	7000000	1668	315017	500000	0.6300340
Chr12	7000000	7500000	1500	293691	500000	0.5873820
Chr12	7500000	8000000	1313	366694	500000	0.7333880
Chr12	8000000	8500000	658	491640	500000	0.9832800
Chr12	8500000	9000000	866	416404	500000	0.8328080
Chr12	9000000	9500000	1368	380806	500000	0.7616120
Chr12	9500000	10000000	1726	340278	500000	0.6805560
Chr12	10000000	10500000	852	437261	500000	0.8745220
Chr12	10500000	11000000	1378	366752	500000	0.7335040
Chr12	11000000	11500000	1424	333445	500000	0.6668900
Chr12	11500000	12000000	1424	316106	500000	0.6322120
Chr12	12000000	12500000	762	440117	500000	0.8802340
Chr12	12500000	13000000	835	448364	500000	0.8967280
Chr12	13000000	13500000	1249	376525	500000	0.7530500
Chr12	13500000	14000000	1201	407708	500000	0.8154160
Chr12	14000000	14500000	1390	379816	500000	0.7596320
Chr12	14500000	15000000	1437	318930	500000	0.6378600
Chr12	15000000	15500000	1364	404888	500000	0.8097760
Chr12	15500000	16000000	1216	409396	500000	0.8187920
Chr12	16000000	16500000	1372	368475	500000	0.7369500
Chr12	16500000	17000000	1230	402633	500000	0.8052660
Chr12	17000000	17500000	1420	396137	500000	0.7922740
Chr12	17500000	18000000	1213	387759	500000	0.7755180
Chr12	18000000	18500000	1464	298807	500000	0.5976140
Chr12	18500000	19000000	1301	329054	500000	0.6581080
Chr12	19000000	19500000	1574	301181	500000	0.6023620
Chr12	19500000	20000000	1565	253632	500000	0.5072640
Chr12	20000000	20500000	1281	255270	500000	0.5105400
Chr12	20500000	21000000	1635	301282	500000	0.6025640
Chr12	21000000	21500000	1496	293195	500000	0.5863900
Chr12	21500000	22000000	1299	299143	500000	0.5982860
Chr12	22000000	22500000	1447	304065	500000	0.6081300
Chr12	22500000	23000000	1505	287458	500000	0.5749160
Chr12	23000000	23500000	1621	235487	500000	0.4709740
Chr12	23500000	24000000	1732	175039	500000	0.3500780
Chr12	24000000	24500000	1382	193517	500000	0.3870340
Chr12	24500000	25000000	1489	254103	500000	0.5082060
Chr12	25000000	25500000	1539	235126	500000	0.4702520
Chr12	25500000	26000000	1559	234213	500000	0.4684260
Chr12	26000000	26500000	1457	187351	500000	0.3747020
Chr12	26500000	27000000	1428	224100	500000	0.4482000
Chr12	27000000	27500000	1660	232257	500000	0.4645140
Chr12	27500000	28000000	952	242477	500000	0.4849540
Chr12	28000000	28500000	157	499975	500000	0.9999500
Chr12	28500000	28618985	284	118982	118985	0.9999748
